Nombre de pas psi,teta,fy et leurs valeurs
     1   300     1
  0.000000  0.057743  0.392699
  0.000000  0.100042  0.392699
  0.000000  0.129189  0.392699
  0.000000  0.152901  0.392699
  0.000000  0.173422  0.392699
  0.000000  0.191779  0.392699
  0.000000  0.208544  0.392699
  0.000000  0.224075  0.392699
  0.000000  0.238613  0.392699
  0.000000  0.252330  0.392699
  0.000000  0.265353  0.392699
  0.000000  0.277780  0.392699
  0.000000  0.289687  0.392699
  0.000000  0.301137  0.392699
  0.000000  0.312179  0.392699
  0.000000  0.322855  0.392699
  0.000000  0.333202  0.392699
  0.000000  0.343248  0.392699
  0.000000  0.353019  0.392699
  0.000000  0.362537  0.392699
  0.000000  0.371823  0.392699
  0.000000  0.380892  0.392699
  0.000000  0.389761  0.392699
  0.000000  0.398442  0.392699
  0.000000  0.406947  0.392699
  0.000000  0.415288  0.392699
  0.000000  0.423475  0.392699
  0.000000  0.431515  0.392699
  0.000000  0.439417  0.392699
  0.000000  0.447188  0.392699
  0.000000  0.454836  0.392699
  0.000000  0.462365  0.392699
  0.000000  0.469783  0.392699
  0.000000  0.477094  0.392699
  0.000000  0.484302  0.392699
  0.000000  0.491414  0.392699
  0.000000  0.498432  0.392699
  0.000000  0.505360  0.392699
  0.000000  0.512204  0.392699
  0.000000  0.518964  0.392699
  0.000000  0.525646  0.392699
  0.000000  0.532251  0.392699
  0.000000  0.538784  0.392699
  0.000000  0.545245  0.392699
  0.000000  0.551639  0.392699
  0.000000  0.557967  0.392699
  0.000000  0.564231  0.392699
  0.000000  0.570434  0.392699
  0.000000  0.576578  0.392699
  0.000000  0.582664  0.392699
  0.000000  0.588694  0.392699
  0.000000  0.594670  0.392699
  0.000000  0.600594  0.392699
  0.000000  0.606467  0.392699
  0.000000  0.612291  0.392699
  0.000000  0.618067  0.392699
  0.000000  0.623797  0.392699
  0.000000  0.629481  0.392699
  0.000000  0.635121  0.392699
  0.000000  0.640718  0.392699
  0.000000  0.646274  0.392699
  0.000000  0.651789  0.392699
  0.000000  0.657264  0.392699
  0.000000  0.662701  0.392699
  0.000000  0.668100  0.392699
  0.000000  0.673463  0.392699
  0.000000  0.678789  0.392699
  0.000000  0.684081  0.392699
  0.000000  0.689339  0.392699
  0.000000  0.694563  0.392699
  0.000000  0.699755  0.392699
  0.000000  0.704915  0.392699
  0.000000  0.710044  0.392699
  0.000000  0.715142  0.392699
  0.000000  0.720211  0.392699
  0.000000  0.725250  0.392699
  0.000000  0.730262  0.392699
  0.000000  0.735245  0.392699
  0.000000  0.740201  0.392699
  0.000000  0.745130  0.392699
  0.000000  0.750033  0.392699
  0.000000  0.754910  0.392699
  0.000000  0.759762  0.392699
  0.000000  0.764589  0.392699
  0.000000  0.769393  0.392699
  0.000000  0.774172  0.392699
  0.000000  0.778928  0.392699
  0.000000  0.783662  0.392699
  0.000000  0.788373  0.392699
  0.000000  0.793062  0.392699
  0.000000  0.797730  0.392699
  0.000000  0.802376  0.392699
  0.000000  0.807002  0.392699
  0.000000  0.811607  0.392699
  0.000000  0.816193  0.392699
  0.000000  0.820758  0.392699
  0.000000  0.825304  0.392699
  0.000000  0.829832  0.392699
  0.000000  0.834340  0.392699
  0.000000  0.838830  0.392699
  0.000000  0.843303  0.392699
  0.000000  0.847757  0.392699
  0.000000  0.852194  0.392699
  0.000000  0.856614  0.392699
  0.000000  0.861017  0.392699
  0.000000  0.865403  0.392699
  0.000000  0.869773  0.392699
  0.000000  0.874127  0.392699
  0.000000  0.878465  0.392699
  0.000000  0.882788  0.392699
  0.000000  0.887095  0.392699
  0.000000  0.891387  0.392699
  0.000000  0.895665  0.392699
  0.000000  0.899928  0.392699
  0.000000  0.904176  0.392699
  0.000000  0.908410  0.392699
  0.000000  0.912631  0.392699
  0.000000  0.916837  0.392699
  0.000000  0.921030  0.392699
  0.000000  0.925210  0.392699
  0.000000  0.929377  0.392699
  0.000000  0.933531  0.392699
  0.000000  0.937672  0.392699
  0.000000  0.941800  0.392699
  0.000000  0.945916  0.392699
  0.000000  0.950020  0.392699
  0.000000  0.954112  0.392699
  0.000000  0.958192  0.392699
  0.000000  0.962261  0.392699
  0.000000  0.966318  0.392699
  0.000000  0.970363  0.392699
  0.000000  0.974397  0.392699
  0.000000  0.978421  0.392699
  0.000000  0.982433  0.392699
  0.000000  0.986435  0.392699
  0.000000  0.990426  0.392699
  0.000000  0.994407  0.392699
  0.000000  0.998378  0.392699
  0.000000  1.002338  0.392699
  0.000000  1.006289  0.392699
  0.000000  1.010229  0.392699
  0.000000  1.014160  0.392699
  0.000000  1.018081  0.392699
  0.000000  1.021993  0.392699
  0.000000  1.025895  0.392699
  0.000000  1.029789  0.392699
  0.000000  1.033673  0.392699
  0.000000  1.037548  0.392699
  0.000000  1.041414  0.392699
  0.000000  1.045272  0.392699
  0.000000  1.049121  0.392699
  0.000000  1.052961  0.392699
  0.000000  1.056794  0.392699
  0.000000  1.060617  0.392699
  0.000000  1.064433  0.392699
  0.000000  1.068241  0.392699
  0.000000  1.072041  0.392699
  0.000000  1.075832  0.392699
  0.000000  1.079616  0.392699
  0.000000  1.083393  0.392699
  0.000000  1.087162  0.392699
  0.000000  1.090923  0.392699
  0.000000  1.094677  0.392699
  0.000000  1.098424  0.392699
  0.000000  1.102164  0.392699
  0.000000  1.105896  0.392699
  0.000000  1.109622  0.392699
  0.000000  1.113341  0.392699
  0.000000  1.117053  0.392699
  0.000000  1.120758  0.392699
  0.000000  1.124457  0.392699
  0.000000  1.128149  0.392699
  0.000000  1.131834  0.392699
  0.000000  1.135514  0.392699
  0.000000  1.139187  0.392699
  0.000000  1.142854  0.392699
  0.000000  1.146514  0.392699
  0.000000  1.150169  0.392699
  0.000000  1.153818  0.392699
  0.000000  1.157460  0.392699
  0.000000  1.161097  0.392699
  0.000000  1.164729  0.392699
  0.000000  1.168354  0.392699
  0.000000  1.171974  0.392699
  0.000000  1.175588  0.392699
  0.000000  1.179198  0.392699
  0.000000  1.182801  0.392699
  0.000000  1.186400  0.392699
  0.000000  1.189993  0.392699
  0.000000  1.193581  0.392699
  0.000000  1.197163  0.392699
  0.000000  1.200741  0.392699
  0.000000  1.204314  0.392699
  0.000000  1.207882  0.392699
  0.000000  1.211445  0.392699
  0.000000  1.215004  0.392699
  0.000000  1.218558  0.392699
  0.000000  1.222107  0.392699
  0.000000  1.225651  0.392699
  0.000000  1.229191  0.392699
  0.000000  1.232727  0.392699
  0.000000  1.236258  0.392699
  0.000000  1.239785  0.392699
  0.000000  1.243307  0.392699
  0.000000  1.246825  0.392699
  0.000000  1.250340  0.392699
  0.000000  1.253850  0.392699
  0.000000  1.257356  0.392699
  0.000000  1.260858  0.392699
  0.000000  1.264356  0.392699
  0.000000  1.267850  0.392699
  0.000000  1.271341  0.392699
  0.000000  1.274828  0.392699
  0.000000  1.278311  0.392699
  0.000000  1.281790  0.392699
  0.000000  1.285266  0.392699
  0.000000  1.288738  0.392699
  0.000000  1.292207  0.392699
  0.000000  1.295672  0.392699
  0.000000  1.299134  0.392699
  0.000000  1.302592  0.392699
  0.000000  1.306048  0.392699
  0.000000  1.309500  0.392699
  0.000000  1.312949  0.392699
  0.000000  1.316394  0.392699
  0.000000  1.319837  0.392699
  0.000000  1.323277  0.392699
  0.000000  1.326713  0.392699
  0.000000  1.330147  0.392699
  0.000000  1.333578  0.392699
  0.000000  1.337006  0.392699
  0.000000  1.340431  0.392699
  0.000000  1.343853  0.392699
  0.000000  1.347273  0.392699
  0.000000  1.350690  0.392699
  0.000000  1.354105  0.392699
  0.000000  1.357516  0.392699
  0.000000  1.360926  0.392699
  0.000000  1.364333  0.392699
  0.000000  1.367737  0.392699
  0.000000  1.371139  0.392699
  0.000000  1.374539  0.392699
  0.000000  1.377936  0.392699
  0.000000  1.381331  0.392699
  0.000000  1.384724  0.392699
  0.000000  1.388115  0.392699
  0.000000  1.391504  0.392699
  0.000000  1.394891  0.392699
  0.000000  1.398275  0.392699
  0.000000  1.401658  0.392699
  0.000000  1.405038  0.392699
  0.000000  1.408417  0.392699
  0.000000  1.411794  0.392699
  0.000000  1.415169  0.392699
  0.000000  1.418542  0.392699
  0.000000  1.421914  0.392699
  0.000000  1.425283  0.392699
  0.000000  1.428651  0.392699
  0.000000  1.432018  0.392699
  0.000000  1.435383  0.392699
  0.000000  1.438746  0.392699
  0.000000  1.442108  0.392699
  0.000000  1.445469  0.392699
  0.000000  1.448828  0.392699
  0.000000  1.452185  0.392699
  0.000000  1.455541  0.392699
  0.000000  1.458896  0.392699
  0.000000  1.462250  0.392699
  0.000000  1.465603  0.392699
  0.000000  1.468954  0.392699
  0.000000  1.472304  0.392699
  0.000000  1.475653  0.392699
  0.000000  1.479001  0.392699
  0.000000  1.482348  0.392699
  0.000000  1.485694  0.392699
  0.000000  1.489039  0.392699
  0.000000  1.492383  0.392699
  0.000000  1.495726  0.392699
  0.000000  1.499068  0.392699
  0.000000  1.502410  0.392699
  0.000000  1.505750  0.392699
  0.000000  1.509091  0.392699
  0.000000  1.512430  0.392699
  0.000000  1.515769  0.392699
  0.000000  1.519107  0.392699
  0.000000  1.522444  0.392699
  0.000000  1.525781  0.392699
  0.000000  1.529118  0.392699
  0.000000  1.532454  0.392699
  0.000000  1.535789  0.392699
  0.000000  1.539124  0.392699
  0.000000  1.542459  0.392699
  0.000000  1.545794  0.392699
  0.000000  1.549128  0.392699
  0.000000  1.552462  0.392699
  0.000000  1.555796  0.392699
  0.000000  1.559129  0.392699
  0.000000  1.562463  0.392699
  0.000000  1.565796  0.392699
  0.000000  1.569130  0.392699
